Pclass,Sex,Age,Fare,AgeGroup,FamilySize,Embarked_Q,Embarked_S,Survived
3,0,28.0,56.4958,2,1,False,True,1
2,0,28.0,0.0,2,1,False,True,0
1,0,28.0,221.7792,2,1,False,True,0
3,1,18.0,9.35,1,2,False,True,1
2,1,31.0,26.25,2,3,False,True,1
3,0,21.0,8.4333,2,1,False,True,0
3,0,26.0,56.4958,2,1,False,True,1
1,0,28.0,227.525,2,1,False,False,0
3,0,28.0,7.75,2,1,True,False,1
3,1,31.0,18.0,2,2,False,True,0
1,0,56.0,35.5,3,1,False,False,1
3,1,21.0,9.825,2,2,False,True,0
3,0,28.0,69.55,2,11,False,True,0
1,0,56.0,26.55,3,1,False,True,0
3,0,21.0,7.8,2,1,False,True,0
1,1,33.0,90.0,2,2,True,False,1
3,0,21.0,7.7333,2,1,True,False,0
3,0,28.0,7.25,2,1,False,True,0
3,0,43.0,6.45,3,1,False,True,0
3,1,28.0,25.4667,2,5,False,True,0
3,0,30.0,16.1,2,2,False,True,0
1,1,32.0,76.2917,2,1,False,False,1
1,1,28.0,79.2,2,1,False,False,1
2,0,19.0,10.5,1,1,False,True,1
3,0,24.0,7.8958,2,1,False,True,0
2,1,45.0,13.5,3,1,False,True,1
3,0,23.0,7.8958,2,1,False,True,0
3,0,42.0,8.4042,3,2,False,True,0
1,1,39.0,83.1583,2,3,False,False,1
3,0,16.0,8.05,1,1,False,True,1
3,0,28.0,7.8958,2,1,False,True,0
2,0,66.0,10.5,4,1,False,True,0
1,0,28.0,26.55,2,1,False,True,1
2,0,51.0,12.525,3,1,False,True,0
2,0,47.0,15.0,3,1,False,True,0
3,0,18.0,8.05,1,1,False,True,1
2,0,36.0,13.0,2,1,False,True,0
2,1,30.0,13.0,2,1,False,True,1
2,1,22.0,29.0,2,3,False,True,1
3,1,28.0,7.75,2,1,True,False,0
2,0,25.0,13.0,2,1,False,True,0
3,0,28.0,7.2292,2,1,False,False,0
2,1,32.0,13.0,2,1,False,True,1
3,0,28.0,7.775,2,1,False,True,1
3,1,19.0,7.8542,1,2,False,True,1
1,0,52.0,30.5,3,1,False,True,1
1,0,71.0,34.6542,4,1,False,False,0
3,0,32.0,7.925,2,1,False,True,0
3,0,19.0,7.65,1,1,False,True,0
3,0,28.0,15.5,2,2,True,False,0
3,1,22.0,9.8375,2,1,False,True,0
1,0,50.0,55.9,3,2,False,True,0
3,0,4.0,27.9,0,6,False,True,0
1,1,36.0,120.0,2,4,False,True,1
1,0,19.0,53.1,1,2,False,True,0
1,1,30.0,31.0,2,1,False,False,1
3,0,28.0,56.4958,2,1,False,True,1
3,0,30.0,7.25,2,1,False,True,0
3,0,21.0,8.05,2,1,False,True,0
2,0,30.0,24.0,2,2,False,False,0
2,1,18.0,23.0,1,2,False,True,1
3,0,19.0,0.0,1,1,False,True,0
1,1,38.0,227.525,2,1,False,False,1
3,0,10.0,27.9,0,6,False,True,0
2,0,28.0,0.0,2,1,False,True,0
3,1,29.0,10.4625,2,3,False,True,0
3,0,28.0,7.3125,2,1,False,True,0
3,0,28.0,15.85,2,2,False,True,0
3,1,39.0,31.275,2,7,False,True,0
3,1,2.0,10.4625,0,2,False,True,0
2,0,30.0,10.5,2,1,False,True,0
3,0,25.0,7.225,2,1,False,False,0
3,0,14.0,39.6875,1,6,False,True,0
1,1,35.0,52.0,2,2,False,True,1
1,0,17.0,110.8833,1,3,False,False,1
3,0,28.0,7.725,2,1,True,False,0
3,1,18.0,6.75,1,1,True,False,0
3,1,23.0,7.55,2,1,False,True,1
3,0,50.0,8.05,3,1,False,True,0
1,1,21.0,262.375,2,5,False,False,1
1,1,58.0,146.5208,3,1,False,False,1
2,1,3.0,41.5792,0,4,False,False,1
2,1,13.0,19.5,1,2,False,True,1
2,0,57.0,12.35,3,1,True,False,0
2,0,16.0,26.0,1,1,False,True,0
3,1,28.0,7.75,2,1,True,False,1
2,0,60.0,39.0,3,3,False,True,0
1,0,22.0,135.6333,2,1,False,False,0
2,0,30.0,13.0,2,1,False,True,0
3,0,17.0,8.6625,1,1,False,True,0
3,0,25.0,7.8958,2,1,False,True,0
3,0,27.0,8.6625,2,1,False,True,1
3,0,36.0,0.0,2,1,False,True,0
3,1,28.0,8.05,2,1,False,True,0
3,1,28.0,7.2292,2,1,False,False,1
3,0,29.0,9.4833,2,1,False,True,0
1,1,30.0,106.425,2,1,False,False,1
3,0,28.0,8.05,2,1,False,True,0
1,0,51.0,61.3792,3,2,False,False,0
3,1,16.0,7.7333,1,1,True,False,1
3,1,28.0,7.75,2,1,True,False,1
3,1,1.0,15.7417,0,3,False,False,1
3,0,22.0,7.7958,2,1,False,True,0
3,1,28.0,22.3583,2,3,False,False,1
3,0,7.0,29.125,0,6,True,False,0
1,0,28.0,30.5,2,1,False,True,1
3,0,28.0,7.75,2,2,True,False,0
1,1,33.0,53.1,2,2,False,True,1
3,0,7.0,39.6875,0,6,False,True,0
3,0,32.0,7.75,2,1,True,False,0
2,0,50.0,13.0,3,1,False,True,0
2,0,59.0,13.5,3,1,False,True,0
1,0,28.0,82.1708,2,2,False,False,0
3,0,28.0,8.05,2,1,False,True,0
1,0,60.0,26.55,3,1,False,True,0
3,1,17.0,14.4583,1,1,False,False,0
2,0,32.5,30.0708,2,2,False,False,0
1,1,21.0,77.9583,2,1,False,True,1
3,0,3.0,31.3875,0,7,False,True,1
2,0,19.0,10.5,1,1,False,True,0
2,1,24.0,18.75,2,6,False,True,1
1,1,18.0,79.65,1,3,False,True,1
1,1,49.0,25.9292,3,1,False,True,1
3,1,41.0,20.2125,3,3,False,True,0
3,0,30.0,9.5,2,1,False,True,1
3,0,59.0,7.25,3,1,False,True,0
3,1,4.0,13.4167,0,2,False,False,1
3,1,28.0,15.2458,2,3,False,False,0
3,0,51.0,7.75,3,1,False,True,0
2,1,45.0,26.25,3,3,False,True,1
3,0,18.0,20.2125,1,3,False,True,0
3,1,28.0,69.55,2,11,False,True,0
3,1,28.0,15.5,2,2,True,False,1
2,0,28.0,33.0,2,2,False,True,0
3,0,55.5,8.05,3,1,False,True,0
1,0,24.0,247.5208,2,2,False,False,0
1,0,28.0,0.0,2,1,False,True,0
3,1,28.0,16.1,2,2,False,True,1
3,0,28.0,23.45,2,4,False,True,0
3,0,28.0,69.55,2,11,False,True,0
2,1,29.0,26.0,2,2,False,True,1
1,1,58.0,153.4625,3,2,False,True,1
3,1,26.0,7.925,2,1,False,True,1
1,1,44.0,57.9792,3,2,False,False,1
3,0,28.0,7.225,2,1,False,False,0
3,0,32.0,8.3625,2,1,False,True,0
2,0,26.0,10.5,2,1,False,True,0
3,0,16.0,8.05,1,1,False,True,0
3,0,19.0,7.775,1,1,False,True,0
3,0,28.0,7.8958,2,1,False,True,0
3,0,48.0,7.8542,3,1,False,True,0
3,0,28.0,7.75,2,1,True,False,0
3,0,9.0,46.9,0,8,False,True,0
1,1,35.0,83.475,2,2,False,True,1
3,0,12.0,11.2417,0,2,False,False,1
3,1,31.0,7.8542,2,1,False,True,0
2,1,27.0,13.8583,2,2,False,False,1
1,1,43.0,211.3375,3,2,False,True,1
3,1,30.5,7.75,2,1,True,False,0
3,0,34.0,8.05,2,1,False,True,0
2,0,28.0,0.0,2,1,False,True,0
2,0,23.0,13.0,2,1,False,True,0
3,1,24.0,16.7,2,3,False,True,1
2,0,39.0,26.0,2,1,False,True,0
2,1,24.0,13.0,2,1,False,True,1
3,0,28.0,7.8292,2,1,True,False,0
3,1,0.75,19.2583,0,4,False,False,1
2,0,34.0,13.0,2,1,False,True,0
3,0,23.0,9.225,2,1,False,True,0
2,1,42.0,26.0,3,2,False,True,1
3,0,28.0,8.4583,2,1,True,False,0
3,0,22.0,8.05,2,1,False,True,0
2,0,0.83,29.0,0,3,False,True,1
3,1,28.0,7.55,2,1,False,True,0
2,0,52.0,13.5,3,1,False,True,0
3,0,17.0,7.0542,1,2,False,True,0
1,0,49.0,89.1042,3,2,False,False,1
3,0,44.0,7.925,3,1,False,True,1
3,0,6.0,12.475,0,2,False,True,1
1,0,64.0,26.0,4,1,False,True,0
3,1,18.0,7.775,1,1,False,True,0
3,0,19.0,14.5,1,1,False,True,0
3,0,26.0,20.575,2,4,False,True,0
2,0,43.0,26.25,3,3,False,True,0
3,0,28.0,24.15,2,1,True,False,0
3,1,23.0,7.925,2,1,False,True,0
3,0,16.0,39.6875,1,6,False,True,0
1,1,36.0,71.0,2,3,False,True,1
1,1,22.0,55.0,2,2,False,True,1
3,0,19.0,7.8958,1,1,False,True,0
3,1,28.0,7.8792,2,1,True,False,1
3,0,47.0,9.0,3,1,False,True,0
2,1,40.0,15.75,2,1,False,True,1
3,1,20.0,9.825,1,2,False,True,0
2,1,36.0,26.0,2,2,False,True,1
3,0,18.0,7.8542,1,3,False,True,0
2,0,18.0,11.5,1,1,False,True,0
3,0,32.0,56.4958,2,1,False,True,1
3,0,33.0,7.8958,2,1,False,False,0
1,0,35.0,26.55,2,1,False,False,1
1,0,64.0,263.0,4,6,False,True,0
1,0,52.0,79.65,3,3,False,True,0
3,1,24.0,19.2583,2,4,False,False,1
3,0,61.0,6.2375,4,1,False,True,0
2,0,24.0,10.5,2,1,False,True,0
3,0,43.0,8.05,3,1,False,True,0
2,1,34.0,10.5,2,1,False,True,1
3,1,63.0,9.5875,4,1,False,True,1
1,1,24.0,69.3,2,1,False,False,1
1,1,38.0,71.2833,2,2,False,False,1
3,0,21.0,7.25,2,1,False,True,0
1,1,45.0,164.8667,3,3,False,True,1
3,0,16.0,34.375,1,5,False,True,0
3,0,20.0,7.925,1,2,False,True,1
2,0,28.0,15.05,2,1,False,False,0
3,1,41.0,39.6875,3,6,False,True,0
2,0,30.0,13.0,2,1,False,True,0
3,0,29.0,8.05,2,1,False,True,0
3,1,3.0,21.075,0,5,False,True,0
2,0,3.0,26.0,0,3,False,True,1
2,0,54.0,26.0,3,2,False,True,0
3,0,28.0,7.925,2,3,False,True,0
3,0,36.0,7.4958,2,1,False,True,0
1,0,48.0,26.55,3,1,False,True,1
3,1,31.0,8.6833,2,1,False,True,1
3,0,26.0,7.8958,2,1,False,True,0
3,0,28.0,25.4667,2,5,False,True,0
3,0,0.42,8.5167,0,2,False,False,1
3,1,25.0,7.775,2,1,False,True,0
1,0,28.0,52.0,2,1,False,True,0
3,0,38.0,8.6625,2,1,False,True,0
3,0,28.0,8.05,2,1,False,True,0
3,0,28.0,15.2458,2,3,False,False,1
3,0,15.0,7.2292,1,3,False,False,0
2,0,35.0,26.0,2,1,False,True,0
3,0,28.0,7.775,2,1,False,True,0
1,0,24.0,79.2,2,1,False,False,0
1,0,36.0,40.125,2,1,False,False,0
3,1,22.0,7.775,2,1,False,True,1
1,0,50.0,133.65,3,3,False,True,1
3,0,28.0,7.75,2,1,True,False,0
3,0,45.5,7.225,3,1,False,False,0
3,0,33.0,7.775,2,1,False,True,0
3,0,19.0,7.8958,1,1,False,True,0
2,0,18.0,13.0,1,1,False,True,0
3,1,16.0,7.75,1,1,True,False,1
1,0,28.0,30.0,2,1,False,True,1
1,0,28.0,29.7,2,1,False,False,1
1,0,48.0,76.7292,3,2,False,False,1
3,0,22.0,7.8958,2,1,False,True,0
1,0,29.0,30.0,2,1,False,True,0
1,0,28.0,25.925,2,1,False,True,0
1,0,38.0,153.4625,2,2,False,True,0
3,0,44.0,8.05,3,1,False,True,0
2,0,3.0,18.75,0,3,False,True,1
1,1,18.0,227.525,1,2,False,False,1
1,0,18.0,108.9,1,2,False,False,0
3,0,28.0,24.15,2,2,True,False,0
3,0,2.0,21.075,0,5,False,True,0
1,0,35.0,512.3292,2,1,False,False,1
3,0,74.0,7.775,4,1,False,True,0
2,0,31.0,13.0,2,1,False,True,1
3,0,28.5,16.1,2,1,False,True,0
1,0,56.0,30.6958,3,1,False,False,0
3,0,26.0,7.8542,2,2,False,True,0
3,0,32.0,7.8542,2,1,False,True,1
3,0,28.0,7.2292,2,1,False,False,1
1,0,40.0,31.0,2,1,False,False,1
1,0,27.0,76.7292,2,1,False,False,1
3,0,28.0,15.5,2,1,True,False,0
3,0,38.0,7.8958,2,1,False,True,0
3,0,1.0,39.6875,0,6,False,True,0
2,0,28.0,0.0,2,1,False,True,0
3,0,28.0,7.7292,2,1,True,False,0
2,0,0.67,14.5,0,3,False,True,1
3,0,28.0,15.5,2,2,True,False,0
3,1,2.0,12.2875,0,2,False,True,1
3,1,18.0,9.8417,1,1,False,True,1
1,1,51.0,77.9583,3,2,False,True,1
2,0,29.0,27.7208,2,2,False,False,0
3,0,49.0,0.0,3,1,False,True,0
3,0,24.0,9.5,2,1,False,True,0
3,1,31.0,20.525,2,3,False,True,1
3,1,45.0,7.75,3,1,False,True,0
3,0,32.0,7.925,2,1,False,True,0
3,1,18.0,14.4542,1,2,False,False,0
2,1,44.0,26.0,3,2,False,True,0
1,1,47.0,52.5542,3,3,False,True,1
2,0,36.5,26.0,2,3,False,True,0
2,0,30.0,13.0,2,1,False,True,0
2,1,27.0,10.5,2,1,False,True,1
3,0,29.0,9.5,2,1,False,True,1
1,0,71.0,49.5042,4,1,False,False,0
1,1,52.0,93.5,3,3,False,True,1
3,1,43.0,46.9,3,8,False,True,0
3,0,22.0,7.8958,2,1,False,True,0
3,1,28.0,23.25,2,3,True,False,1
1,1,28.0,55.0,2,2,False,True,1
3,0,26.0,7.8958,2,1,False,True,0
3,1,25.0,7.925,2,2,False,True,0
1,0,28.0,0.0,2,1,False,True,0
1,1,31.0,164.8667,2,3,False,True,1
3,0,45.0,8.05,3,1,False,True,1
3,0,22.0,7.25,2,1,False,True,0
1,1,49.0,76.7292,3,2,False,False,1
2,1,22.0,41.5792,2,4,False,False,1
3,1,4.0,22.025,0,3,False,True,1
3,1,29.0,15.2458,2,3,False,False,1
2,0,34.0,13.0,2,1,False,True,0
1,1,48.0,25.9292,3,1,False,True,1
2,1,27.0,21.0,2,2,False,True,0
1,1,54.0,59.4,3,2,False,False,1
2,0,28.0,13.8625,2,1,False,False,1
2,1,19.0,26.0,1,2,False,True,1
1,1,22.0,66.6,2,2,False,True,1
1,0,45.5,28.5,3,1,False,True,0
1,0,28.0,27.7208,2,1,False,False,0
3,0,23.0,7.8542,2,1,False,True,0
3,0,30.0,8.05,2,1,False,True,0
3,0,28.0,7.2292,2,1,False,False,0
2,0,34.0,21.0,2,2,False,True,0
3,0,31.0,7.925,2,1,False,True,1
3,0,28.0,69.55,2,11,False,True,0
3,0,40.0,27.9,2,6,False,True,0
3,1,28.0,7.75,2,1,True,False,1
2,0,32.0,10.5,2,1,False,True,0
3,0,20.0,9.225,1,1,False,True,0
1,0,27.0,211.5,2,3,False,False,0
2,1,32.5,13.0,2,1,False,True,1
1,1,44.0,27.7208,3,1,False,False,1
2,0,23.0,15.0458,2,1,False,False,0
3,0,34.0,14.4,2,3,False,True,0
2,0,32.0,26.0,2,2,False,True,1
1,0,4.0,81.8583,0,3,False,True,1
3,1,2.0,31.275,0,7,False,True,0
2,0,28.0,0.0,2,1,False,True,0
2,0,25.0,13.0,2,1,False,True,0
3,0,24.0,8.05,2,1,False,True,0
3,0,21.0,8.6625,2,1,False,True,0
2,0,31.0,10.5,2,1,False,True,0
2,0,54.0,14.0,3,1,False,True,0
3,1,33.0,15.85,2,4,False,True,1
2,0,23.0,13.0,2,1,False,True,0
2,0,19.0,36.75,1,3,False,True,0
3,0,65.0,7.75,4,1,True,False,0
3,0,28.0,19.9667,2,2,False,True,0
2,1,42.0,13.0,3,1,False,True,1
2,0,18.0,11.5,1,1,False,True,0
2,0,27.0,13.0,2,1,False,True,0
1,0,54.0,77.2875,3,2,False,True,0
3,0,28.0,7.2292,2,1,False,False,0
1,0,47.0,52.0,3,1,False,True,0
3,0,11.0,46.9,0,8,False,True,0
2,0,21.0,73.5,2,3,False,True,0
2,0,29.0,10.5,2,1,False,True,0
3,0,39.0,24.15,2,1,False,True,0
3,1,39.0,29.125,2,6,True,False,0
3,0,36.0,15.55,2,2,False,True,0
1,1,17.0,108.9,1,2,False,False,1
3,0,28.0,8.6625,2,1,False,True,0
3,1,11.0,31.275,0,7,False,True,0
3,1,47.0,14.5,3,2,False,True,0
1,0,28.0,26.0,2,1,False,True,0
3,1,38.0,31.3875,2,7,False,True,1
2,1,28.0,12.35,2,1,True,False,1
1,1,19.0,30.0,1,1,False,True,1
1,1,48.0,39.6,3,2,False,False,1
3,0,28.0,7.7375,2,1,True,False,0
1,1,28.0,146.5208,2,2,False,False,1
1,0,40.0,0.0,2,1,False,True,0
3,0,31.0,7.775,2,1,False,True,0
3,1,8.0,21.075,0,5,False,True,0
3,0,26.0,18.7875,2,1,False,False,1
2,0,24.0,73.5,2,3,False,True,0
3,0,22.0,7.2292,2,1,False,False,0
2,1,4.0,23.0,0,3,False,True,1
1,0,45.0,26.55,3,1,False,True,1
1,1,42.0,227.525,3,1,False,False,1
1,0,32.0,30.5,2,1,False,False,1
3,0,51.0,8.05,3,1,False,True,0
3,1,14.5,14.4542,1,2,False,False,0
3,0,28.0,7.05,2,1,False,True,0
3,0,27.0,14.4542,2,2,False,False,0
1,0,28.0,26.55,2,1,False,True,0
3,0,8.0,29.125,0,6,True,False,0
2,0,42.0,27.0,3,2,False,True,0
1,1,40.0,134.5,2,3,False,False,1
3,1,5.0,31.3875,0,7,False,True,1
3,0,30.0,7.8958,2,1,False,True,0
3,1,28.0,7.75,2,1,True,False,1
3,0,4.0,29.125,0,6,True,False,0
2,0,0.83,18.75,0,3,False,True,1
2,1,28.0,26.0,2,2,False,True,1
3,0,20.0,4.0125,1,1,False,False,0
3,0,28.0,7.225,2,1,False,False,0
1,0,28.0,30.6958,2,1,False,False,0
3,0,17.0,8.6625,1,1,False,True,0
3,0,28.0,8.7125,2,1,False,False,0
3,0,29.0,7.775,2,1,False,True,0
3,0,35.0,7.125,2,1,False,True,0
3,1,6.0,31.275,0,7,False,True,0
3,1,19.0,7.8792,1,1,True,False,1
3,0,21.0,7.8542,2,1,False,True,0
3,0,20.0,9.8458,1,1,False,True,0
2,1,7.0,26.25,0,3,False,True,1
3,0,39.0,7.925,2,1,False,True,1
3,0,26.0,14.4542,2,2,False,False,0
3,1,45.0,14.4542,3,2,False,False,0
3,0,33.0,20.525,2,3,False,True,0
2,0,2.0,26.0,0,3,False,True,1
1,1,28.0,89.1042,2,2,False,False,1
3,1,26.0,16.1,2,2,False,True,0
3,0,32.0,56.4958,2,1,False,True,1
1,1,35.0,135.6333,2,1,False,True,1
3,1,28.0,14.4,2,3,False,True,0
3,0,39.0,31.275,2,7,False,True,0
3,0,28.0,9.5,2,1,False,True,0
1,0,37.0,29.7,2,2,False,False,0
3,0,28.0,7.25,2,1,False,True,0
3,0,4.0,31.275,0,7,False,True,0
1,0,23.0,63.3583,2,2,False,False,1
3,0,38.0,7.05,2,1,False,True,0
3,0,25.0,7.05,2,1,False,True,0
2,1,29.0,10.5,2,1,False,True,1
1,0,54.0,51.8625,3,1,False,True,0
2,1,24.0,14.5,2,3,False,True,1
3,0,28.0,7.8958,2,1,False,True,0
3,1,28.0,22.3583,2,3,False,False,1
3,1,14.0,7.8542,1,1,False,True,0
2,1,41.0,19.5,3,2,False,True,1
3,0,28.0,14.5,2,1,False,True,0
2,1,50.0,10.5,3,1,False,True,1
3,0,28.0,7.2292,2,1,False,False,0
3,0,21.0,7.775,2,1,False,True,0
1,1,22.0,49.5,2,3,False,False,1
3,0,24.0,7.4958,2,1,False,True,0
2,1,21.0,10.5,2,1,False,True,1
3,0,51.0,7.0542,3,1,False,True,0
2,1,24.0,27.0,2,4,False,True,1
2,0,19.0,13.0,1,1,False,True,0
3,0,22.0,8.05,2,1,False,True,0
1,0,61.0,33.5,4,1,False,True,0
3,0,28.0,8.05,2,1,False,True,0
3,0,19.0,10.1708,1,1,False,True,0
3,0,28.0,8.05,2,1,False,True,0
3,1,22.0,7.75,2,1,True,False,1
3,0,28.0,22.525,2,1,False,True,0
2,1,54.0,23.0,3,5,False,True,1
3,0,41.0,7.125,3,1,False,True,0
3,0,28.5,7.2292,2,1,False,False,0
3,0,28.0,7.8958,2,1,False,False,0
2,0,21.0,11.5,2,2,False,True,0
2,1,40.0,39.0,2,3,False,True,1
2,0,36.0,10.5,2,1,False,True,0
2,1,29.0,26.0,2,2,False,True,1
3,1,15.0,14.4542,1,2,False,False,1
3,0,40.5,7.75,3,1,True,False,0
3,0,29.0,7.75,2,1,True,False,1
2,1,33.0,26.0,2,3,False,True,1
3,0,19.0,8.05,1,1,False,True,0
2,0,35.0,10.5,2,1,False,True,0
1,1,18.0,262.375,1,5,False,False,1
3,1,18.0,17.8,1,2,False,True,0
1,0,28.0,42.4,2,1,False,True,0
3,0,28.0,7.7333,2,1,True,False,0
3,0,28.0,8.05,2,1,False,True,0
1,0,21.0,77.2875,2,2,False,True,0
3,1,28.0,7.8292,2,1,True,False,1
1,1,39.0,110.8833,2,3,False,False,1
3,0,20.0,7.8542,1,1,False,True,0
1,0,58.0,29.7,3,1,False,False,0
1,0,49.0,56.9292,3,2,False,False,1
3,1,5.0,19.2583,0,4,False,False,1
1,1,39.0,79.65,2,3,False,True,1
3,0,17.0,8.6625,1,1,False,True,0
1,0,65.0,61.9792,4,2,False,False,0
1,1,28.0,133.65,2,2,False,True,1
1,1,28.0,110.8833,2,1,False,False,1
3,0,21.0,8.05,2,1,False,True,0
1,0,31.0,50.4958,2,1,False,True,0
3,0,32.0,7.925,2,1,False,True,1
2,0,39.0,13.0,2,1,False,True,0
3,0,20.0,8.05,1,1,False,True,0
2,0,34.0,13.0,2,1,False,True,1
1,0,47.0,25.5875,3,1,False,True,0
1,0,36.0,26.2875,2,1,False,True,1
3,0,21.0,16.1,2,1,False,True,0
3,0,28.0,8.05,2,1,False,True,0
3,0,28.0,7.8958,2,1,False,True,0
3,1,30.0,8.6625,2,1,False,True,0
3,0,28.0,7.8958,2,1,False,True,0
3,0,28.0,7.225,2,1,False,False,0
3,0,33.0,8.6542,2,1,False,True,0
1,1,30.0,56.9292,2,1,False,False,1
2,0,1.0,39.0,0,4,False,True,1
3,1,20.0,8.6625,1,1,False,True,0
2,1,34.0,32.5,2,3,False,True,1
1,0,45.0,35.5,3,1,False,True,0
2,1,36.0,13.0,2,1,False,True,1
3,0,39.0,7.925,2,1,False,True,0
3,0,20.0,15.7417,1,3,False,False,1
3,0,34.5,6.4375,2,1,False,False,0
3,0,28.0,9.5,2,1,False,True,0
3,0,28.0,23.25,2,3,True,False,1
3,0,28.0,8.05,2,1,False,True,0
3,1,10.0,24.15,0,3,False,True,0
3,1,9.0,15.2458,0,3,False,False,0
3,0,28.0,7.8958,2,1,False,True,0
3,0,20.5,7.25,2,1,False,True,0
1,1,28.0,52.0,2,2,False,True,1
1,1,36.0,135.6333,2,1,False,False,1
3,0,28.0,8.05,2,1,False,True,0
3,0,28.0,7.55,2,1,False,True,0
3,0,20.0,8.6625,1,1,False,True,0
3,1,22.0,10.5167,2,1,False,True,0
2,0,39.0,13.0,2,1,False,True,0
3,1,37.0,9.5875,2,1,False,True,0
2,1,48.0,65.0,3,4,False,True,1
2,0,23.0,13.0,2,1,False,True,0
3,1,28.0,7.7375,2,1,True,False,1
2,0,70.0,10.5,4,1,False,True,0
3,1,32.0,15.5,2,3,True,False,0
3,0,16.0,20.25,1,3,False,True,0
2,0,21.0,73.5,2,1,False,True,0
3,0,28.0,7.25,2,1,False,True,0
2,0,42.0,13.0,3,1,False,True,0
3,0,24.0,7.7958,2,1,False,True,0
3,1,22.0,7.75,2,1,False,True,1
3,0,40.0,7.225,2,1,False,False,0
1,0,0.92,151.55,0,4,False,True,1
3,0,33.0,8.6625,2,1,False,False,0
3,0,18.0,7.775,1,1,False,True,0
3,0,28.0,56.4958,2,1,False,True,0
2,0,37.0,26.0,2,2,False,True,0
3,1,5.0,12.475,0,1,False,True,1
3,1,13.0,7.2292,1,1,False,False,1
2,0,27.0,26.0,2,1,False,True,0
2,1,38.0,13.0,2,1,False,True,0
3,0,42.0,7.55,3,1,False,True,0
3,0,3.0,15.9,0,3,False,True,1
2,1,28.0,12.65,2,1,False,True,1
1,1,50.0,247.5208,3,2,False,False,1
1,0,51.0,26.55,3,1,False,True,1
3,0,28.0,7.2292,2,1,False,False,0
1,1,26.0,78.85,2,1,False,True,1
3,0,28.0,7.8958,2,1,False,True,0
1,1,24.0,49.5042,2,1,False,False,1
1,0,42.0,52.5542,3,2,False,True,1
1,0,42.0,26.2875,3,1,False,True,1
3,0,28.0,7.8958,2,1,False,True,0
2,0,36.0,27.75,2,4,False,True,0
1,1,19.0,26.2833,1,3,False,True,1
3,1,28.0,69.55,2,11,False,True,0
1,0,65.0,26.55,4,1,False,True,0
3,1,15.0,8.0292,1,1,True,False,1
3,1,28.0,7.225,2,1,False,False,1
1,0,46.0,79.2,3,1,False,False,0
1,0,28.0,47.1,2,1,False,True,0
2,1,50.0,26.0,3,2,False,True,1
1,1,19.0,91.0792,1,2,False,False,1
3,1,28.0,24.15,2,2,True,False,1
1,0,25.0,55.4417,2,2,False,False,1
1,1,62.0,80.0,4,1,False,True,1
1,0,27.0,53.1,2,2,False,True,1
1,1,35.0,90.0,2,2,False,True,1
3,0,28.0,15.1,2,1,False,True,0
3,0,42.0,7.65,3,1,False,True,0
3,0,28.0,7.8958,2,1,False,False,0
1,1,28.0,51.8625,2,2,False,True,1
3,0,24.0,7.05,2,1,False,True,0
3,0,24.0,7.1417,2,1,False,True,1
2,1,4.0,39.0,0,4,False,True,1
2,1,28.0,13.0,2,1,False,True,1
2,0,18.0,73.5,1,1,False,True,0
3,1,27.0,11.1333,2,3,False,True,1
1,0,28.0,39.6,2,1,False,False,0
3,0,14.0,46.9,1,8,False,True,0
2,1,28.0,24.0,2,2,False,False,1
3,0,22.0,9.35,2,1,False,True,0
1,0,37.0,52.5542,2,3,False,True,1
3,0,47.0,7.25,3,1,False,True,0
3,0,28.0,14.5,2,1,False,True,0
2,0,28.0,13.0,2,1,False,True,0
3,0,36.0,24.15,2,3,False,True,0
3,0,20.0,7.2292,1,1,False,False,1
2,1,55.0,16.0,3,1,False,True,1
3,1,28.0,25.4667,2,5,False,True,0
3,0,22.0,7.125,2,1,False,True,0
2,1,57.0,10.5,3,1,False,True,0
3,0,29.0,7.0458,2,2,False,True,0
3,0,26.0,8.6625,2,3,False,True,0
3,0,28.0,8.05,2,1,False,True,0
1,1,39.0,55.9,2,2,False,True,1
3,0,32.0,7.8958,2,1,False,True,0
3,1,30.0,12.475,2,1,False,True,1
1,1,38.0,80.0,2,1,False,True,1
3,0,28.0,7.8958,2,1,False,True,0
3,1,18.0,7.4958,1,1,False,True,1
2,1,24.0,65.0,2,4,False,True,1
3,1,4.0,16.7,0,3,False,True,1
3,1,22.0,7.25,2,1,False,True,1
3,1,28.0,7.8792,2,1,True,False,1
2,0,23.0,10.5,2,1,False,True,0
3,0,18.0,7.7958,1,1,False,True,0
1,0,28.0,31.0,2,1,False,True,0
3,0,33.0,7.8958,2,1,False,True,0
2,1,8.0,26.25,0,3,False,True,1
3,0,22.0,7.25,2,2,False,True,0
1,0,36.0,26.3875,2,1,False,True,1
2,0,25.0,13.0,2,1,False,True,0
3,0,19.0,8.05,1,1,False,True,1
3,1,28.0,23.45,2,4,False,True,0
1,0,36.0,120.0,2,4,False,True,1
2,0,23.0,11.5,2,4,False,True,0
3,1,29.0,21.075,2,5,False,True,0
3,1,1.0,11.1333,0,3,False,True,1
3,0,35.0,7.8958,2,1,False,False,0
2,0,29.0,21.0,2,2,False,True,0
2,0,44.0,26.0,3,2,False,True,0
1,0,36.0,78.85,2,2,False,True,0
3,0,28.0,7.8958,2,1,False,True,0
3,0,28.0,6.95,2,1,True,False,0
3,0,21.0,7.7958,2,1,False,True,1
3,0,16.0,9.5,1,1,False,True,0
2,1,6.0,33.0,0,2,False,True,1
3,0,32.0,8.05,2,1,False,True,1
1,0,38.0,0.0,2,1,False,True,0
2,1,26.0,26.0,2,3,False,True,0
1,1,54.0,78.2667,3,2,False,False,1
1,0,28.0,50.0,2,1,False,True,0
1,0,40.0,27.7208,2,1,False,False,0
2,0,42.0,13.0,3,1,False,True,1
3,0,28.0,7.8542,2,1,False,True,0
1,1,35.0,53.1,2,2,False,True,1
3,0,18.0,6.4958,1,2,False,True,0
3,0,18.0,8.3,1,1,False,True,0
3,0,9.0,31.3875,0,7,False,True,0
3,0,36.0,7.8958,2,1,False,True,0
3,1,2.0,27.9,0,6,False,True,0
3,0,25.0,7.05,2,1,False,True,0
2,0,54.0,26.0,3,1,False,True,0
3,1,9.0,34.375,0,5,False,True,0
1,0,80.0,30.0,4,1,False,True,1
1,1,40.0,153.4625,2,1,False,True,1
1,1,41.0,134.5,3,1,False,False,1
2,1,24.0,26.0,2,2,False,True,1
3,0,22.0,9.0,2,1,False,True,0
1,1,17.0,57.0,1,2,False,True,1
3,1,45.0,27.9,3,6,False,True,0
3,0,20.0,7.05,1,1,False,True,0
1,1,52.0,78.2667,3,2,False,False,1
3,0,35.0,7.05,2,1,False,True,0
3,0,30.0,7.2292,2,1,False,False,0
3,0,28.0,21.6792,2,3,False,False,0
1,0,38.0,90.0,2,2,False,True,1
3,1,28.0,14.4542,2,2,False,False,0
1,0,39.0,0.0,2,1,False,True,0
1,1,31.0,113.275,2,2,False,False,1
3,0,22.0,7.5208,2,1,False,True,0
3,0,20.0,7.925,1,1,False,True,0
1,1,22.0,151.55,2,1,False,True,1
3,1,26.0,7.8542,2,1,False,True,1
3,1,15.0,7.225,1,1,False,False,1
3,0,32.0,15.85,2,2,False,True,0
1,1,30.0,86.5,2,1,False,True,1
2,1,34.0,23.0,2,2,False,True,1
3,1,28.0,7.75,2,1,True,False,1
3,0,1.0,20.575,0,4,False,True,1
2,0,28.0,13.5,2,1,False,True,0
1,1,30.0,93.5,2,1,False,True,1
3,0,22.0,7.25,2,1,False,True,0
3,1,21.0,34.375,2,5,False,True,0
2,0,36.0,12.875,2,1,False,False,0
3,0,40.0,7.8958,2,1,False,True,0
2,0,1.0,37.0042,0,3,False,False,1
3,0,40.0,15.5,2,3,True,False,0
3,1,28.0,7.8958,2,1,False,True,0
2,1,40.0,13.0,2,1,False,True,1
3,1,28.0,7.7333,2,1,True,False,1
3,0,27.0,7.8958,2,1,False,True,0
1,1,24.0,83.1583,2,1,False,False,1
2,1,5.0,27.75,0,4,False,True,1
3,0,34.0,6.4958,2,1,False,True,0
1,1,23.0,113.275,2,2,False,False,1
3,0,70.5,7.75,4,1,True,False,0
3,1,17.0,7.925,1,7,False,True,1
1,1,16.0,57.9792,1,2,False,False,1
3,0,19.0,8.1583,1,1,False,True,0
3,0,25.0,7.25,2,1,False,True,0
1,1,25.0,151.55,2,4,False,True,0
1,0,42.0,52.0,3,2,False,True,0
3,0,21.0,7.925,2,1,False,True,0
3,0,28.0,7.8958,2,1,False,True,0
2,0,28.0,0.0,2,1,False,True,0
1,1,15.0,211.3375,1,2,False,True,1
3,0,45.0,6.975,3,1,False,True,0
3,0,28.0,19.9667,2,2,False,True,0
3,0,25.0,7.775,2,2,False,True,1
1,0,33.0,5.0,2,1,False,True,0
2,1,28.0,13.0,2,1,False,True,1
2,0,32.0,73.5,2,3,False,True,0
1,0,26.0,30.0,2,1,False,False,1
3,0,37.0,7.925,2,3,False,True,0
1,1,50.0,28.7125,3,1,False,False,0
1,0,50.0,106.425,3,2,False,False,0
3,1,28.0,8.1375,2,1,True,False,0
2,0,34.0,21.0,2,2,False,True,0
3,1,28.0,7.8792,2,1,True,False,1
1,1,35.0,512.3292,2,1,False,False,1
3,1,48.0,34.375,3,5,False,True,0
1,0,47.0,38.5,3,1,False,True,0
1,0,28.0,26.55,2,1,False,True,1
